# id: WISE_W2
# facility: WISE
# instrument: WISE
# filter: W2
# description: full system relative response system
# reference: 2011ApJ...735..112J
# contact: herve.aussel@cea.fr
# comment: Passband from the file RSR-W2.EE.txt available from IRSA
# url: http://wise2.ipac.caltech.edu/docs/release/allsky/expsup/sec4_4h.html#WISEZMA
# trans_type: energy
# xtype: wavelength
# xunit: micron
# xref (xunit): 4.6028
# ytype: rsr
  2.53  0.27575E-08
  2.54  0.10551E-05
  2.55  0.14220E-06
  2.56  0.29408E-06
  2.57  0.43892E-06
  2.58  0.33766E-06
  2.59  0.11802E-05
  2.60  0.22091E-06
  2.61  0.86197E-07
  2.62  0.91917E-07
  2.63  0.72725E-07
  2.64  0.10461E-10
  2.65  0.58590E-11
  2.66  0.31765E-07
  2.67  0.57621E-07
  2.68  0.69911E-07
  2.69  0.33384E-07
  2.70  0.87087E-07
  2.71  0.62967E-07
  2.72  0.20266E-06
  2.73  0.55547E-07
  2.74  0.49308E-07
  2.75  0.34301E-07
  2.76  0.26115E-07
  2.77  0.47909E-07
  2.78  0.24843E-07
  2.79  0.60514E-07
  2.80  0.29997E-07
  2.81  0.31028E-07
  2.82  0.30026E-07
  2.83  0.31329E-07
  2.84  0.36219E-07
  2.85  0.36355E-07
  2.86  0.86691E-07
  2.87  0.30313E-07
  2.88  0.26115E-07
  2.89  0.15629E-07
  2.90  0.26255E-07
  2.91  0.14241E-07
  2.92  0.14949E-07
  2.93  0.14172E-07
  2.94  0.57737E-07
  2.95  0.55186E-08
  2.96  0.38223E-07
  2.97  0.48042E-08
  2.98  0.23932E-08
  2.99  0.15017E-08
  3.00  0.81430E-09
  3.01  0.18893E-16
  3.02  0.92490E-09
  3.03  0.14049E-08
  3.04  0.10943E-08
  3.05  0.15301E-08
  3.06  0.94153E-09
  3.07  0.10621E-08
  3.08  0.10014E-07
  3.09  0.34225E-09
  3.10  0.91841E-08
  3.11  0.75806E-09
  3.12  0.93146E-10
  3.13  0.55396E-14
  3.14  0.62920E-17
  3.15  0.11834E-13
  3.16  0.15546E-13
  3.17  0.41596E-09
  3.18  0.29226E-13
  3.19  0.53232E-16
  3.20  0.14554E-13
  3.21  0.29383E-08
  3.22  0.37634E-08
  3.23  0.54472E-08
  3.24  0.19392E-07
  3.25  0.56954E-08
  3.26  0.62708E-08
  3.27  0.51157E-08
  3.28  0.46797E-08
  3.29  0.56141E-08
  3.30  0.23984E-08
  3.31  0.11991E-12
  3.32  0.13544E-12
  3.33  0.28921E-12
  3.34  0.44666E-12
  3.35  0.45326E-12
  3.36  0.60897E-12
  3.37  0.53627E-12
  3.38  0.91774E-12
  3.39  0.67368E-12
  3.40  0.98980E-12
  3.41  0.84044E-12
  3.42  0.11715E-11
  3.43  0.13258E-07
  3.44  0.13267E-07
  3.45  0.44866E-07
  3.46  0.62700E-07
  3.47  0.86772E-07
  3.48  0.72159E-07
  3.49  0.42993E-06
  3.50  0.10699E-06
  3.51  0.13918E-06
  3.52  0.12550E-06
  3.53  0.13675E-06
  3.54  0.11893E-06
  3.55  0.20538E-06
  3.56  0.32678E-06
  3.57  0.20500E-05
  3.58  0.57101E-06
  3.59  0.84348E-06
  3.60  0.67489E-06
  3.61  0.11685E-05
  3.62  0.12100E-05
  3.63  0.14218E-05
  3.64  0.11096E-05
  3.65  0.11158E-05
  3.66  0.72023E-06
  3.67  0.12498E-05
  3.68  0.44135E-09
  3.69  0.12102E-07
  3.70  0.12019E-07
  3.71  0.15241E-07
  3.72  0.28408E-07
  3.73  0.35901E-07
  3.74  0.50315E-07
  3.75  0.12535E-06
  3.76  0.92907E-07
  3.77  0.13355E-06
  3.78  0.32721E-06
  3.79  0.38795E-06
  3.80  0.14102E-05
  3.81  0.22956E-05
  3.82  0.38819E-05
  3.83  0.51099E-05
  3.84  0.76388E-05
  3.85  0.12759E-04
  3.86  0.20214E-04
  3.87  0.23550E-04
  3.88  0.50535E-04
  3.89  0.10825E-03
  3.90  0.15454E-03
  3.91  0.22341E-03
  3.92  0.41750E-03
  3.93  0.56834E-03
  3.94  0.44113E-03
  3.95  0.13124E-02
  3.96  0.92633E-02
  3.97  0.11478E-01
  3.98  0.14509E-01
  3.99  0.18672E-01
  4.00  0.24421E-01
  4.01  0.34426E-01
  4.02  0.50556E-01
  4.03  0.75032E-01
  4.04  0.11001E+00
  4.05  0.15701E+00
  4.06  0.22467E+00
  4.07  0.30650E+00
  4.08  0.39712E+00
  4.09  0.49391E+00
  4.10  0.58894E+00
  4.11  0.67269E+00
  4.12  0.74154E+00
  4.13  0.79761E+00
  4.14  0.83857E+00
  4.15  0.86313E+00
  4.16  0.88066E+00
  4.17  0.89111E+00
  4.18  0.89564E+00
  4.19  0.89539E+00
  4.20  0.89392E+00
  4.21  0.88884E+00
  4.22  0.88251E+00
  4.23  0.87614E+00
  4.24  0.87700E+00
  4.25  0.88028E+00
  4.26  0.88114E+00
  4.27  0.87832E+00
  4.28  0.87794E+00
  4.29  0.88121E+00
  4.30  0.88818E+00
  4.31  0.89517E+00
  4.32  0.90219E+00
  4.33  0.90675E+00
  4.34  0.91008E+00
  4.35  0.91094E+00
  4.36  0.90805E+00
  4.37  0.90514E+00
  4.38  0.89970E+00
  4.39  0.89172E+00
  4.40  0.88495E+00
  4.41  0.87940E+00
  4.42  0.87382E+00
  4.43  0.87074E+00
  4.44  0.86636E+00
  4.45  0.86450E+00
  4.46  0.86517E+00
  4.47  0.86966E+00
  4.48  0.87800E+00
  4.49  0.88894E+00
  4.50  0.90121E+00
  4.51  0.91610E+00
  4.52  0.92846E+00
  4.53  0.94216E+00
  4.54  0.95332E+00
  4.55  0.96192E+00
  4.56  0.96924E+00
  4.57  0.97398E+00
  4.58  0.97742E+00
  4.59  0.97693E+00
  4.60  0.97512E+00
  4.61  0.97197E+00
  4.62  0.96616E+00
  4.63  0.96031E+00
  4.64  0.95311E+00
  4.65  0.94586E+00
  4.66  0.93858E+00
  4.67  0.93525E+00
  4.68  0.93191E+00
  4.69  0.93122E+00
  4.70  0.93052E+00
  4.71  0.93385E+00
  4.72  0.93853E+00
  4.73  0.94457E+00
  4.74  0.95469E+00
  4.75  0.96213E+00
  4.76  0.97232E+00
  4.77  0.97981E+00
  4.78  0.98596E+00
  4.79  0.98802E+00
  4.80  0.99009E+00
  4.81  0.98940E+00
  4.82  0.98870E+00
  4.83  0.98938E+00
  4.84  0.98866E+00
  4.85  0.98932E+00
  4.86  0.98997E+00
  4.87  0.99061E+00
  4.88  0.99265E+00
  4.89  0.99468E+00
  4.90  0.99671E+00
  4.91  0.99735E+00
  4.92  0.99938E+00
  4.93  0.10000E+01
  4.94  0.99921E+00
  4.95  0.99699E+00
  4.96  0.99475E+00
  4.97  0.99108E+00
  4.98  0.98596E+00
  4.99  0.98081E+00
  5.00  0.97135E+00
  5.01  0.96327E+00
  5.02  0.95228E+00
  5.03  0.94125E+00
  5.04  0.93016E+00
  5.05  0.91902E+00
  5.06  0.90783E+00
  5.07  0.89659E+00
  5.08  0.88675E+00
  5.09  0.87686E+00
  5.10  0.86693E+00
  5.11  0.85403E+00
  5.12  0.84107E+00
  5.13  0.82073E+00
  5.14  0.79883E+00
  5.15  0.76361E+00
  5.16  0.72676E+00
  5.17  0.67647E+00
  5.18  0.62007E+00
  5.19  0.55602E+00
  5.20  0.48564E+00
  5.21  0.41662E+00
  5.22  0.34717E+00
  5.23  0.28359E+00
  5.24  0.22560E+00
  5.25  0.17504E+00
  5.26  0.13546E+00
  5.27  0.99248E-01
  5.28  0.75935E-01
  5.29  0.53213E-01
  5.30  0.40746E-01
  5.31  0.28307E-01
  5.32  0.21081E-01
  5.33  0.14697E-01
  5.34  0.10435E-01
  5.35  0.72372E-02
  5.36  0.40457E-02
  5.37  0.30484E-02
  5.38  0.22763E-02
  5.39  0.17339E-02
  5.40  0.12893E-02
  5.41  0.97294E-03
  5.42  0.73876E-03
  5.43  0.54885E-03
  5.44  0.39102E-03
  5.45  0.30953E-03
  5.46  0.21542E-03
  5.47  0.27863E-03
  5.48  0.31531E-03
  5.49  0.31353E-03
  5.50  0.25926E-03
  5.51  0.22510E-03
  5.52  0.19539E-03
  5.53  0.15012E-03
  5.54  0.13333E-03
  5.55  0.10424E-03
  5.56  0.60519E-04
  5.57  0.57366E-04
  5.58  0.47777E-04
  5.59  0.35693E-04
  5.60  0.27886E-04
  5.61  0.12873E-04
  5.62  0.18368E-04
  5.63  0.17757E-04
  5.64  0.11414E-04
  5.65  0.94847E-05
  5.66  0.71892E-05
  5.67  0.30016E-05
  5.68  0.82304E-07
  5.69  0.18987E-06
  5.70  0.16545E-06
  5.71  0.26590E-04
  5.72  0.49024E-04
  5.73  0.32511E-07
  5.74  0.36011E-07
  5.75  0.13800E-06
  5.76  0.19665E-06
  5.77  0.44178E-04
  5.78  0.15065E-07
  5.79  0.60707E-04
  5.80  0.52527E-04
  5.81  0.47306E-04
  5.82  0.28815E-07
  5.83  0.44471E-04
  5.84  0.54391E-04
  5.85  0.28261E-07
  5.86  0.53907E-04
  5.87  0.41086E-04
  5.88  0.28894E-04
  5.89  0.13007E-04
  5.90  0.98943E-05
  5.91  0.75304E-05
  5.92  0.53952E-05
  5.93  0.43031E-05
  5.94  0.38522E-05
  5.95  0.35527E-05
  5.96  0.32352E-05
  5.97  0.16547E-05
  5.98  0.12813E-05
  5.99  0.11370E-05
  6.00  0.10206E-05
  6.01  0.11142E-05
  6.02  0.92356E-06
  6.03  0.73870E-06
  6.04  0.57099E-06
  6.05  0.45803E-06
  6.06  0.39577E-06
  6.07  0.37561E-06
  6.08  0.36963E-06
  6.09  0.39286E-06
  6.10  0.40518E-06
  6.11  0.43046E-06
  6.12  0.44690E-06
  6.13  0.44763E-06
  6.14  0.44643E-06
  6.15  0.42150E-06
  6.16  0.42676E-06
  6.17  0.40031E-06
  6.18  0.35664E-06
  6.19  0.33423E-06
  6.20  0.32609E-06
  6.21  0.30710E-06
  6.22  0.31275E-06
  6.23  0.33390E-06
  6.24  0.35208E-06
  6.25  0.36443E-06
  6.26  0.42242E-06
  6.27  0.40322E-06
  6.28  0.42144E-06
  6.29  0.39498E-06
  6.30  0.37257E-06
  6.31  0.35081E-06
  6.32  0.32645E-06
  6.33  0.34179E-06
  6.34  0.37819E-06
  6.35  0.40038E-06
  6.36  0.40319E-06
  6.37  0.38162E-06
  6.38  0.41430E-06
  6.39  0.42061E-06
  6.40  0.41176E-06
  6.41  0.40966E-06
  6.42  0.41891E-06
  6.43  0.41920E-06
  6.44  0.41139E-06
  6.45  0.43506E-06
  6.46  0.41377E-06
  6.47  0.40554E-06
  6.48  0.39562E-06
  6.49  0.39196E-06
  6.50  0.38310E-06
  6.51  0.37401E-06
  6.52  0.36919E-06
  6.53  0.37498E-06
  6.54  0.36172E-06
  6.55  0.33776E-06
  6.56  0.31467E-06
  6.57  0.28774E-06
  6.58  0.26788E-06
  6.59  0.25134E-06
  6.60  0.22966E-06
  6.61  0.21188E-06
  6.62  0.20350E-06
  6.63  0.18979E-06
  6.64  0.20430E-06
  6.65  0.21620E-06
  6.66  0.23441E-06
  6.67  0.25210E-06
  6.68  0.26164E-06
  6.69  0.27790E-06
  6.70  0.27774E-06
  6.71  0.27451E-06
  6.72  0.22097E-06
  6.73  0.26918E-06
  6.74  0.26650E-06
  6.75  0.26496E-06
  6.76  0.25937E-06
  6.77  0.25260E-06
  6.78  0.20048E-06
  6.79  0.20485E-06
  6.80  0.22768E-06
  6.81  0.22335E-06
  6.82  0.19659E-06
  6.83  0.17850E-06
  6.84  0.18969E-06
  6.85  0.17709E-06
  6.86  0.16010E-06
  6.87  0.15123E-06
  6.88  0.14885E-06
  6.89  0.15458E-06
  6.90  0.15981E-06
  6.91  0.16123E-06
  6.92  0.15420E-06
  6.93  0.15567E-06
  6.94  0.15863E-06
  6.95  0.15181E-06
  6.96  0.16285E-06
  6.97  0.16956E-06
  6.98  0.19730E-06
  6.99  0.20149E-06
  7.00  0.17994E-06
  7.01  0.18673E-06
  7.02  0.17801E-06
  7.03  0.20606E-06
  7.04  0.19807E-06
  7.05  0.15609E-06
  7.06  0.15785E-06
  7.07  0.18530E-06
  7.08  0.18352E-06
  7.09  0.14359E-06
  7.10  0.17828E-06
  7.11  0.17526E-06
  7.12  0.17209E-06
  7.13  0.16622E-06
  7.14  0.11658E-06
  7.15  0.15663E-06
  7.16  0.15194E-06
  7.17  0.15193E-06
  7.18  0.12767E-06
  7.19  0.12814E-06
  7.20  0.13099E-06
  7.21  0.12960E-06
  7.22  0.11879E-06
  7.23  0.10685E-06
  7.24  0.11670E-06
  7.25  0.12067E-06
  7.26  0.11928E-06
  7.27  0.11868E-06
  7.28  0.12107E-06
  7.29  0.12850E-06
  7.30  0.13362E-06
  7.31  0.13742E-06
  7.32  0.14292E-06
  7.33  0.13920E-06
  7.34  0.13318E-06
  7.35  0.17193E-06
  7.36  0.17238E-06
  7.37  0.17409E-06
  7.38  0.14499E-06
  7.39  0.17606E-06
  7.40  0.17414E-06
  7.41  0.11330E-06
  7.42  0.15074E-06
  7.43  0.15553E-06
  7.44  0.15200E-06
  7.45  0.13260E-06
  7.46  0.13932E-06
  7.47  0.14567E-06
  7.48  0.13711E-06
  7.49  0.12760E-06
  7.50  0.15714E-06
  7.51  0.15452E-06
  7.52  0.15372E-06
  7.53  0.12684E-06
  7.54  0.11789E-06
  7.55  0.14738E-06
  7.56  0.12015E-06
  7.57  0.11960E-06
  7.58  0.10823E-06
  7.59  0.11260E-06
  7.60  0.11273E-06
  7.61  0.10436E-06
  7.62  0.90474E-07
  7.63  0.95454E-07
  7.64  0.98657E-07
  7.65  0.94633E-07
  7.66  0.91650E-07
  7.67  0.91199E-07
  7.68  0.92108E-07
  7.69  0.88164E-07
  7.70  0.79985E-07
  7.71  0.72534E-07
  7.72  0.11167E-06
  7.73  0.11378E-06
  7.74  0.11642E-06
  7.75  0.11907E-06
  7.76  0.12182E-06
  7.77  0.98582E-07
  7.78  0.96975E-07
  7.79  0.13240E-06
  7.80  0.10747E-06
  7.81  0.11257E-06
  7.82  0.11868E-06
  7.83  0.12238E-06
  7.84  0.11949E-06
  7.85  0.11375E-06
  7.86  0.13767E-06
  7.87  0.13774E-06
  7.88  0.11587E-06
  7.89  0.11417E-06
  7.90  0.10030E-06
  7.91  0.13197E-06
  7.92  0.12829E-06
  7.93  0.12476E-06
  7.94  0.98039E-07
  7.95  0.10007E-06
  7.96  0.96490E-07
  7.97  0.83245E-07
  7.98  0.88456E-07
  7.99  0.93932E-07
  8.00  0.96289E-07
